ahdouf;walid;XX123456;Y123456789;12;9;2015;0;1
15;12;16;14;11.5;6.3;15;12;16;2;8;14;11.5;6.3;15;16;
ahdouf1;walid;XX123456;Y123456789;12;9;2015;0;1
15;12;16;14;11;11;15;12;16;12;18;14;11;14;11.5;16;
ahdouf2;walid;XX123456;Y123456789;12;9;2015;0;2
15;12;16;14;11.5;6.3;15;12;16;2;8;14;11.5;6.3;15;16;
15;12;16;14;11;11;15;12;16;12;18;14;11;14;11.5;16;
ahdouf3;walid;XX123456;Y123456789;12;9;2015;0;2
15;12;16;14;11.5;6.3;15;12;16;2;8;14;11.5;6.3;15;16;
15;12;16;14;11;11;15;12;16;12;18;14;11;14;15;6;
ahdouf4;walid;XX123456;Y123456789;12;9;2015;0;1
15;12;16;14;11.5;6.3;15;12;16;2;8;14;11.5;6.3;15;16;
ahdouf5;walid;XX123456;Y123456789;12;9;2015;0;1
15;12;16;14;11.5;6.3;15;12;16;2;8;14;11.5;6.3;15;16;
ahdouf6;walid;XX123456;Y123456789;12;9;2015;0;1
15;12;16;14;11.5;16.3;15;12;16;12;18;14;11.5;16;15;16;
ahdouf6;walid;XX123456;Y123456789;12;9;2015;0;3
15;12;16;14;15;17;15;12;16;15;18;14;11.5;12;15;16;
15;12;16;14;15;17;15;12;16;15;18;14;11.5;12;15;16;
15;12;16;14;15;17;15;12;16;15;18;14;11.5;12;15;16;
ahdouf6;walid;XX123456;Y123456789;12;9;2015;0;2
15;12;16;14;15;17;15;12;16;15;18;14;11.5;12;15;16;
15;12;16;14;10;17;15;12;16;15;18;14;11.5;12;15;16;
ahdouf6;walid;XX123456;Y123456789;12;9;2015;1;2
15;12;16;14;15;17;15;12;16;15;18;14;11.5;12;15;10;
15;12;16;14;15;17;15;12;16;15;18;14;11.5;12;15;16;
15;12;16;14;10;17;15;12;16;15;18;14;11.5;12;15;16;
ahdouf6;walid;XX123456;Y123456789;12;9;2015;3;3
15;12;16;14;15;17;15;12;16;15;18;14;11.5;12;15;16;
15;12;16;14;15;17;15;12;16;15;18;14;11.5;12;15;16;
15;12;16;14;15;17;15;12;16;15;18;14;11.5;12;0;16;
15;12;16;14;15;17;15;12;16;15;18;14;11.5;12;15;16;
ahdouf6;walid;XX123456;Y123456789;12;9;2015;3;3
15;12;16;14;15;17;15;12;16;15;18;14;11.5;12;15;16;
15;12;16;14;15;17;15;12;16;15;18;14;11.5;12;15;16;
15;12;16;14;15;17;15;12;16;15;18;14;11.5;12;15;10;
15;12;16;14;15;10;15;11;16;15;18;14;11.5;10.5;15;19;
ahdouf6;walid;XX123456;Y123456789;12;9;2015;0;3
15;12;16;14;15;17;15;12;16;15;18;14;11.5;12;15;16;
15;12;16;14;15;17;15;12;16;15;18;14;11.5;12;15;16;
15;12;16;14;15;17;15;12;16;15;18;4;11.5;12;15;16;

